SCALABLE VOCABULARY RECOGNITION TREE
Author: Pranshu Gupta, Abhishek Jain
====================================================================================

Implemented in Python 3.4, installation script for setting up openCV, sklearn etc., 
with python3 is included in the repository.
The link to the repository:
https://bitbucket.org/pranshug258/svrt/src

====================================================================================

MATCHING RESULTS FOR 20 IMAGES
---------------------------------
00000 :  00000 00001 00002 00003
00001 :  00001 00000 00002 00003
00002 :  00002 00001 00000 00003
00003 :  00003 00001 00011 00008
00004 :  00004 00005 00006 00007
00005 :  00005 00004 00006 00007
00006 :  00006 00004 00005 00007
00007 :  00007 00006 00005 00004
00008 :  00008 00011 00003 00001
00009 :  00009 00010 00000 00001
00010 :  00010 00009 00000 00002
00011 :  00011 00008 00003 00001
00012 :  00012 00018 00013 00014
00013 :  00013 00015 00014 00012
00014 :  00014 00015 00007 00004
00015 :  00015 00014 00007 00004
00016 :  00016 00019 00017 00018
00017 :  00017 00019 00016 00018
00018 :  00018 00017 00016 00014
00019 :  00019 00017 00016 00014
---------------------------------

3 5 5 [ 1.     0.71   0.575  0.48 ]
3 6 6 [ 1.     0.705  0.6    0.425]
3 7 6 [ 1.     0.64   0.465  0.325]
3 8 7 [ 1.     0.54   0.47   0.375]
3 9 8 [ 1.     0.525  0.485  0.365]
3 10 9 [ 1.     0.645  0.575  0.44 ]

5 5 5 [ 1.     0.505  0.43   0.315]
5 6 5 [ 1.     0.52   0.395  0.32 ]
5 7 6 [ 1.     0.515  0.45   0.355]
5 8 7 [ 1.     0.555  0.475  0.335]
5 9 7 [ 1.     0.58   0.435  0.405]
